     0/119     8.26G   0.04261   0.03232   0.08447    0.1594        34      1280   0.03037    0.2724    0.0406   0.02411    0.0262   0.01346   0.07075
     1/119     8.28G   0.03158   0.02624   0.07514     0.133        20      1280    0.1845    0.3228    0.1017   0.06086   0.02996   0.01467   0.06333
     2/119     8.28G   0.03389   0.02854   0.07014    0.1326        25      1280    0.3488    0.2368    0.1166   0.06414    0.0343    0.0159   0.06179
     3/119     8.28G     0.034   0.02978   0.06934    0.1331        21      1280    0.4233    0.2753     0.185    0.1135   0.03039   0.01481   0.05733
     4/119     8.28G   0.03174   0.02925   0.06603     0.127        23      1280    0.4541     0.272    0.2015    0.1234   0.02967   0.01467   0.05633
     5/119     8.28G   0.02995    0.0284   0.06398    0.1223        25      1280    0.3892    0.3326    0.2319    0.1463    0.0289   0.01411   0.05382
     6/119     8.28G    0.0295   0.02817   0.06196    0.1196        30      1280    0.3851    0.3356    0.2479    0.1581   0.02766   0.01436   0.05328
     7/119     8.28G    0.0284   0.02794   0.06158    0.1179        27      1280    0.4574    0.3411    0.2829    0.1809   0.02626   0.01395   0.05044
     8/119     8.28G   0.02797   0.02771   0.05944    0.1151        47      1280     0.436    0.3311    0.2694    0.1715   0.02782   0.01447   0.05078
     9/119     8.28G    0.0279   0.02746   0.05864     0.114        24      1280    0.5346     0.318    0.2906    0.1883   0.02642     0.014   0.05026
    10/119     8.28G   0.02727   0.02692   0.05728    0.1115        28      1280    0.5112    0.3617    0.3388    0.2263   0.02501   0.01372   0.04703
    11/119     8.28G   0.02696   0.02674   0.05666    0.1104        17      1280    0.5118    0.3672    0.3448    0.2297   0.02518   0.01358   0.04701
    12/119     8.28G   0.02674   0.02705    0.0552     0.109        20      1280    0.5883    0.3522    0.3515     0.238   0.02474   0.01343   0.04578
    13/119     8.28G   0.02682   0.02645   0.05449    0.1078        23      1280    0.5031    0.4066     0.375     0.254   0.02449   0.01343   0.04476
    14/119     8.28G   0.02602    0.0266    0.0538    0.1064        22      1280    0.5867    0.4102    0.4056    0.2762   0.02441   0.01318   0.04377
    15/119     8.28G   0.02585   0.02614   0.05293    0.1049        18      1280    0.5563     0.383    0.3879    0.2646   0.02407   0.01341   0.04408
    16/119     8.28G   0.02586   0.02619    0.0525    0.1045        20      1280    0.6131     0.395    0.4121    0.2801   0.02392   0.01337   0.04207
    17/119     8.28G   0.02572    0.0263   0.05061    0.1026        19      1280    0.5752    0.4095    0.4235    0.2933   0.02346   0.01315   0.04182
    18/119     8.28G    0.0263   0.02619   0.05122    0.1037        18      1280    0.6044    0.3977    0.4157    0.2858   0.02356   0.01321   0.04239
    19/119     8.28G   0.02554   0.02562   0.05031    0.1015        22      1280    0.6212    0.4103     0.428    0.2982   0.02344   0.01295   0.04193
    20/119     8.28G   0.02562   0.02607   0.04999    0.1017        37      1280    0.5678    0.4322    0.4329    0.2999    0.0229   0.01301   0.04096
    21/119     8.28G   0.02518   0.02562   0.05018     0.101        31      1280    0.5999    0.4228    0.4348    0.3035   0.02285   0.01297   0.04011
    22/119     8.28G     0.025   0.02565   0.04882   0.09948        34      1280    0.6197    0.4151    0.4504    0.3175   0.02287   0.01286   0.04018
    23/119     8.28G   0.02495    0.0254   0.04793   0.09828        43      1280    0.5769    0.4531    0.4571    0.3237   0.02238   0.01288    0.0389
    24/119     8.28G   0.02482   0.02562    0.0468   0.09724        30      1280    0.6027    0.4552    0.4685    0.3265   0.02229   0.01286   0.03867
    25/119     8.28G   0.02482   0.02535   0.04743    0.0976        17      1280    0.5908    0.4621     0.462    0.3259   0.02246   0.01284   0.03887
    26/119     8.28G   0.02475   0.02541   0.04676   0.09691        24      1280    0.5945    0.4625    0.4739    0.3331   0.02194   0.01271   0.03763
    27/119     8.28G   0.02465   0.02507   0.04622   0.09594        29      1280    0.6335    0.4596    0.4841    0.3497   0.02182   0.01256   0.03782
    28/119     8.28G   0.02471    0.0252   0.04604   0.09595        36      1280    0.6098    0.4812    0.4829    0.3438   0.02169   0.01262   0.03676
    29/119     8.28G   0.02413   0.02483   0.04561   0.09457        28      1280    0.6012    0.4827    0.4867    0.3508   0.02153   0.01252    0.0366
    30/119     8.28G   0.02416   0.02505   0.04539    0.0946        34      1280     0.627    0.4747    0.5005    0.3623   0.02161   0.01241   0.03579
    31/119     8.28G   0.02422   0.02494   0.04433   0.09349        47      1280    0.6408    0.4724    0.5064    0.3665   0.02104   0.01243   0.03571
    32/119     8.28G   0.02423   0.02501   0.04418   0.09342        22      1280    0.6353    0.4798    0.5034    0.3655    0.0211   0.01237   0.03547
    33/119     8.28G   0.02411   0.02489   0.04419   0.09319        28      1280    0.6482    0.4772    0.5132    0.3714   0.02131   0.01242   0.03554
    34/119     8.28G   0.02375    0.0248   0.04348   0.09203        20      1280    0.6403    0.4697    0.5128     0.374   0.02089    0.0123   0.03531
    35/119     8.28G    0.0236   0.02434   0.04337   0.09131        31      1280    0.6409     0.472    0.5203    0.3768   0.02112   0.01242   0.03492
    36/119     8.28G   0.02375   0.02481   0.04279   0.09135        22      1280    0.6536    0.4941    0.5248    0.3849   0.02079   0.01231   0.03429
    37/119     8.28G   0.02369   0.02449   0.04177   0.08995        25      1280    0.6692    0.4844    0.5316    0.3886   0.02065   0.01239    0.0338
    38/119     8.28G   0.02358   0.02439   0.04169   0.08965        27      1280    0.6849     0.476    0.5332    0.3897   0.02028   0.01232   0.03408
    39/119     8.28G    0.0235    0.0243    0.0421    0.0899        33      1280    0.6721    0.4917    0.5372    0.3952   0.02043   0.01233    0.0338
    40/119     8.28G   0.02357   0.02442   0.04086   0.08884        22      1280    0.6949    0.4844    0.5466    0.4037   0.02029   0.01224   0.03315
    41/119     8.28G     0.023   0.02403   0.04055   0.08758        39      1280    0.6692     0.498    0.5412    0.3997   0.02023   0.01227   0.03318
    42/119     8.28G   0.02293   0.02431   0.04113   0.08836        37      1280    0.6266    0.5104    0.5515    0.4079   0.02021   0.01221   0.03302
    43/119     8.28G   0.02324   0.02413     0.041   0.08838        24      1280    0.6806    0.4859     0.548    0.4059   0.02022   0.01215     0.033
    44/119     8.28G   0.02297   0.02397   0.04023   0.08717        25      1280    0.6414    0.5095    0.5589    0.4163    0.0199   0.01211   0.03247
    45/119     8.28G   0.02294    0.0242   0.03929   0.08644        25      1280    0.6362    0.5237    0.5601    0.4164   0.02001   0.01212   0.03216
    46/119     8.28G   0.02277   0.02394    0.0392   0.08591        20      1280    0.7109     0.498    0.5664    0.4211   0.01994   0.01209   0.03204
    47/119     8.28G   0.02268   0.02355   0.03936   0.08559        20      1280    0.6287     0.536    0.5677    0.4243   0.01973   0.01212   0.03191
    48/119     8.28G   0.02305   0.02447   0.03998   0.08749        21      1280    0.6397    0.5155    0.5608    0.4189   0.02021   0.01228   0.03213
    49/119     8.28G    0.0233   0.02452   0.04043   0.08825        29      1280    0.6997    0.4956    0.5644    0.4181   0.01992   0.01223   0.03177
    50/119     8.28G   0.02288   0.02386   0.03963   0.08637        76      1280    0.6188    0.5331    0.5663     0.423   0.01963   0.01217   0.03156
    51/119     8.28G   0.02265   0.02401   0.03925   0.08592        18      1280    0.6555    0.5201    0.5718    0.4293   0.01954   0.01207   0.03153
    52/119     8.28G   0.02221   0.02347   0.03827   0.08396        20      1280    0.6396    0.5251    0.5761    0.4331   0.01947   0.01203   0.03108
    53/119     8.28G   0.02222   0.02355   0.03793   0.08369        22      1280    0.6427    0.5357    0.5786    0.4341   0.01955   0.01206   0.03094
    54/119     8.28G   0.02263   0.02362   0.03721   0.08347        20      1280    0.5908    0.5534    0.5811    0.4368   0.01935   0.01204   0.03073
    55/119     8.28G   0.02233   0.02361   0.03794   0.08387        51      1280    0.6576    0.5355    0.5799    0.4354   0.01928   0.01205   0.03061
    56/119     8.28G    0.0219   0.02313   0.03679   0.08182        20      1280    0.6501    0.5357    0.5824    0.4361   0.01928   0.01202    0.0305
    57/119     8.28G   0.02178   0.02318   0.03633   0.08129        26      1280    0.6482    0.5421    0.5892    0.4433    0.0192   0.01203   0.03023
    58/119     8.28G   0.02176   0.02332   0.03609   0.08117        19      1280    0.6314    0.5639    0.5912    0.4444   0.01915   0.01201    0.0303
    59/119     8.28G   0.02169   0.02316   0.03576    0.0806        25      1280    0.6575    0.5484     0.593    0.4471   0.01914   0.01201   0.03019
    60/119     8.28G   0.02162   0.02319   0.03493   0.07974        31      1280    0.6914    0.5299    0.5945    0.4502   0.01912   0.01199   0.03023
    61/119     8.28G   0.02166     0.023   0.03543   0.08009        24      1280    0.6665    0.5374    0.5974    0.4517   0.01906   0.01196   0.03011
    62/119     8.28G   0.02157   0.02283   0.03496   0.07936        41      1280    0.6626    0.5451    0.5983    0.4556   0.01899   0.01193   0.03009
    63/119     8.28G   0.02159   0.02294   0.03507    0.0796        22      1280    0.6547    0.5515    0.6009    0.4562   0.01887   0.01193      0.03
    64/119     8.28G   0.02136   0.02263   0.03374   0.07773        21      1280     0.652    0.5552    0.6049    0.4592   0.01884   0.01192   0.02987
    65/119     8.28G   0.02128   0.02266   0.03336    0.0773        37      1280    0.6686    0.5447    0.6074    0.4605   0.01885   0.01193    0.0297
    66/119     8.28G   0.02114   0.02256   0.03363   0.07733        25      1280     0.627    0.5734    0.6091    0.4624   0.01881   0.01192   0.02951
    67/119     8.28G   0.02094    0.0225   0.03319   0.07662        21      1280     0.626    0.5741    0.6103    0.4639   0.01877   0.01192   0.02947
    68/119     8.28G   0.02106   0.02242   0.03255   0.07604        21      1280    0.6536    0.5634    0.6122    0.4646   0.01873   0.01191   0.02949
    69/119     8.28G   0.02112   0.02261   0.03281   0.07654        28      1280    0.6725    0.5552    0.6125    0.4651   0.01871   0.01191   0.02941
    70/119     8.28G   0.02109   0.02241   0.03246   0.07596        18      1280    0.6762    0.5511    0.6131    0.4655   0.01869   0.01191    0.0293
    71/119     8.28G   0.02054    0.0221    0.0319   0.07454        28      1280    0.6775     0.556    0.6154    0.4666   0.01865   0.01191   0.02923
    72/119     8.28G   0.02024   0.02221   0.03128   0.07373        28      1280    0.6604    0.5632    0.6163    0.4681    0.0186   0.01191   0.02915
    73/119     8.28G   0.02047   0.02218   0.03125    0.0739        25      1280    0.6242    0.5899     0.617    0.4698   0.01856   0.01191   0.02906
    74/119     8.28G    0.0203   0.02186   0.03079   0.07294        14      1280    0.6437    0.5717    0.6178    0.4698   0.01852    0.0119   0.02896
    75/119     8.28G   0.02017   0.02214   0.03161   0.07393        21      1280    0.6465    0.5731     0.618    0.4702   0.01852    0.0119   0.02891
    76/119     8.28G   0.02035   0.02205   0.03136   0.07376        20      1280    0.6646    0.5624    0.6195    0.4714   0.01851   0.01189   0.02878
    77/119     8.28G   0.02004    0.0219   0.03114   0.07307        20      1280    0.6513    0.5737    0.6207    0.4734    0.0185   0.01188   0.02872
    78/119     8.28G    0.0198   0.02146   0.02994    0.0712        19      1280    0.6096    0.6105    0.6218     0.475    0.0185   0.01187   0.02864
    79/119     8.28G   0.01965   0.02172    0.0293   0.07067        21      1280    0.6108    0.6137    0.6223    0.4763   0.01849   0.01187   0.02854
    80/119     8.28G   0.01978   0.02146   0.03016    0.0714        19      1280    0.6313    0.5971     0.623    0.4767   0.01848   0.01187   0.02848
    81/119     8.28G   0.01968   0.02151   0.02905   0.07024        25      1280    0.6358    0.5965    0.6245    0.4778   0.01847   0.01187   0.02844
    82/119     8.28G   0.01981   0.02113   0.02918   0.07011        24      1280    0.6592    0.5819    0.6252    0.4792   0.01846   0.01186    0.0284
    83/119     8.28G   0.01962   0.02132   0.02891   0.06985        25      1280    0.6628    0.5815    0.6258    0.4792   0.01845   0.01186   0.02837
    84/119     8.28G   0.01958   0.02155   0.02893   0.07006        32      1280    0.6713    0.5754    0.6268    0.4801   0.01844   0.01186   0.02834
    85/119     8.28G   0.01928   0.02125   0.02836   0.06889        28      1280    0.6458    0.5948    0.6275    0.4815   0.01844   0.01186   0.02829
    86/119     8.28G   0.01921   0.02092   0.02849   0.06863        31      1280    0.6407    0.6001    0.6278    0.4822   0.01843   0.01186   0.02826
    87/119     8.28G   0.01915   0.02104   0.02704   0.06722        43      1280    0.6685    0.5823    0.6287    0.4823   0.01843   0.01186   0.02823
    88/119     8.28G   0.01906   0.02128   0.02741   0.06775        25      1280    0.6875    0.5728    0.6301    0.4841   0.01841   0.01187   0.02819
    89/119     8.28G   0.01906   0.02124    0.0281   0.06841        31      1280    0.6861    0.5732    0.6312    0.4851   0.01839   0.01187   0.02816
    90/119     8.28G    0.0187    0.0208   0.02672   0.06623        27      1280    0.6887    0.5734    0.6317    0.4857   0.01838   0.01187   0.02815
    91/119     8.28G   0.01875   0.02052   0.02608   0.06535        22      1280    0.6903    0.5731    0.6325     0.487   0.01837   0.01187   0.02811
    92/119     8.28G   0.01875   0.02041   0.02619   0.06536        31      1280    0.6928    0.5726     0.633    0.4876   0.01836   0.01187   0.02808
    93/119     8.28G   0.01885    0.0207   0.02632   0.06587        26      1280    0.6562    0.5969    0.6339    0.4884   0.01835   0.01186   0.02805
    94/119     8.28G   0.01845   0.02036    0.0263   0.06511        27      1280    0.6603    0.5957    0.6344    0.4887   0.01834   0.01186   0.02801
    95/119     8.28G   0.01854   0.02035   0.02576   0.06465        25      1280    0.6596    0.5974    0.6353    0.4892   0.01833   0.01186   0.02797
    96/119     8.28G   0.01846    0.0203   0.02571   0.06446        30      1280    0.6752    0.5893    0.6357    0.4898   0.01833   0.01186   0.02794
    97/119     8.28G   0.01825   0.02023   0.02522   0.06369        55      1280     0.677    0.5889    0.6363     0.491   0.01832   0.01186   0.02791
    98/119     8.28G     0.018   0.02021   0.02509    0.0633        31      1280    0.6883    0.5833     0.637    0.4919   0.01831   0.01186   0.02787
    99/119     8.28G   0.01805   0.02013   0.02492    0.0631        27      1280    0.6763     0.592    0.6379    0.4927    0.0183   0.01187   0.02784
   100/119     8.28G   0.01805   0.02003   0.02494   0.06302        34      1280    0.6876    0.5875    0.6384    0.4932   0.01829   0.01186   0.02781
   101/119     8.28G   0.01798   0.02023   0.02421   0.06243        19      1280    0.6899    0.5868    0.6392    0.4937   0.01827   0.01187   0.02778
   102/119     8.28G   0.01789   0.02022   0.02439    0.0625        31      1280     0.692    0.5893    0.6393    0.4941   0.01826   0.01186   0.02775
   103/119     8.28G    0.0179   0.02004   0.02455   0.06248        19      1280    0.6991    0.5857    0.6398    0.4942   0.01826   0.01186   0.02772
   104/119     8.28G   0.01777   0.01999   0.02395   0.06171        48      1280    0.6988    0.5867    0.6403    0.4947   0.01825   0.01186    0.0277
   105/119     8.28G    0.0177   0.01987   0.02332   0.06089        18      1280    0.6939    0.5904     0.641    0.4955   0.01824   0.01187   0.02768
   106/119     8.28G   0.01768   0.01976   0.02346   0.06089        22      1280    0.6927    0.5923    0.6424    0.4959   0.01823   0.01187   0.02767
   107/119     8.28G    0.0175   0.01966   0.02268   0.05984        25      1280    0.6922    0.5945    0.6428     0.496   0.01823   0.01187   0.02765
   108/119     8.28G   0.01745   0.01977   0.02363   0.06085        30      1280    0.6954    0.5936    0.6433    0.4967   0.01823   0.01187   0.02763
   109/119     8.28G   0.01727   0.01951   0.02273   0.05952        22      1280    0.6951    0.5957    0.6439     0.497   0.01823   0.01187    0.0276
   110/119     8.28G   0.01712   0.01948   0.02262   0.05922        32      1280     0.696    0.5962    0.6442    0.4976   0.01823   0.01187   0.02759
   111/119     8.28G   0.01723    0.0194   0.02214   0.05877        21      1280    0.6963    0.5973    0.6447    0.4984   0.01823   0.01187   0.02758
   112/119     8.28G    0.0174   0.01945   0.02252   0.05936        35      1280    0.6988    0.5967     0.645    0.4986   0.01823   0.01187   0.02757
   113/119     8.28G   0.01736   0.01968   0.02257   0.05962        25      1280    0.6973    0.5966    0.6443    0.4994   0.01822   0.01187   0.02756
   114/119     8.28G   0.01723   0.01942   0.02298   0.05963        33      1280     0.685    0.6034    0.6448    0.4998   0.01822   0.01187   0.02754
   115/119     8.28G   0.01709   0.01926   0.02247   0.05882        21      1280     0.691    0.6009    0.6452    0.5003   0.01822   0.01187   0.02752
   116/119     8.28G   0.01713   0.01923   0.02238   0.05874        22      1280    0.6705    0.6149     0.646    0.5008   0.01821   0.01187    0.0275
   117/119     8.28G   0.01714   0.01928   0.02217   0.05859        25      1280    0.6774    0.6115    0.6462    0.5007   0.01821   0.01188   0.02748
   118/119     8.28G   0.01712   0.01938   0.02167   0.05817        24      1280    0.6761    0.6134    0.6472    0.5014    0.0182   0.01188   0.02747
   119/119     8.28G   0.01686   0.01899   0.02157   0.05742        30      1280    0.6786    0.6125    0.6475     0.502    0.0182   0.01188   0.02745
