     0/119     6.51G   0.05489   0.02966    0.0858    0.1704        45       640    0.1108    0.2099   0.05049    0.0296   0.03619   0.01377   0.07049
     1/119     6.53G   0.04106   0.02554   0.07614    0.1427        46       640    0.2853    0.2418    0.1233   0.07464   0.03492    0.0137   0.06365
     2/119     6.53G   0.04238     0.027   0.07055    0.1399        46       640    0.3304    0.2092    0.1247   0.06492   0.04073   0.01529   0.06274
     3/119     6.53G   0.04242   0.02844   0.07084    0.1417        59       640    0.2796    0.2617    0.1536   0.08139   0.03905   0.01471   0.05868
     4/119     6.53G   0.04022   0.02737   0.06756    0.1352        53       640    0.3269    0.2501    0.1476   0.08497   0.03895   0.01485   0.06353
     5/119     6.53G   0.03878   0.02701   0.06614    0.1319        47       640    0.3192    0.3018    0.2193      0.13    0.0346   0.01372   0.05501
     6/119     6.53G   0.03707    0.0267    0.0643    0.1281        62       640    0.3015    0.2777    0.1857    0.1118   0.03469   0.01412   0.05994
     7/119     6.53G   0.03762   0.02648   0.06391     0.128        56       640    0.3522     0.349    0.2462    0.1519   0.03424   0.01383   0.05349
     8/119     6.53G   0.03621   0.02649   0.06252    0.1252        45       640    0.4283    0.3576    0.2906    0.1845   0.03276   0.01333   0.05115
     9/119     6.53G   0.03601   0.02577   0.06167    0.1235        48       640    0.4426    0.3472    0.2992    0.1907   0.03161    0.0132   0.04965
    10/119     6.53G   0.03591   0.02606   0.06016    0.1221        46       640    0.4651    0.3534    0.3196    0.1982   0.03151   0.01328   0.04883
    11/119     6.53G   0.03546   0.02566   0.05917    0.1203        46       640    0.4197    0.3829    0.3095    0.1957   0.03285   0.01336   0.04974
    12/119     6.53G   0.03509   0.02555   0.05892    0.1196        56       640    0.5092    0.3759    0.3373    0.2177   0.03129   0.01313   0.04793
    13/119     6.53G   0.03463   0.02559   0.05743    0.1177        59       640    0.5195    0.3624    0.3579    0.2306   0.03022   0.01291   0.04623
    14/119     6.53G   0.03475   0.02525   0.05656    0.1166        53       640    0.5472    0.3591    0.3568    0.2291   0.03066    0.0129   0.04671
    15/119     6.53G   0.03463   0.02539   0.05689    0.1169        73       640    0.5496    0.3777    0.3695    0.2428      0.03   0.01284   0.04583
    16/119     6.53G   0.03401   0.02535   0.05548    0.1148        49       640    0.5552     0.372    0.3773    0.2488   0.03032   0.01282   0.04588
    17/119     6.53G   0.03354   0.02519   0.05541    0.1141        43       640    0.5526    0.3874    0.3892     0.255      0.03   0.01271   0.04471
    18/119     6.53G   0.03384   0.02504   0.05362    0.1125        41       640    0.5565     0.409    0.4031     0.269    0.0298   0.01251   0.04478
    19/119     6.53G   0.03375   0.02505   0.05399    0.1128        57       640    0.5481    0.4119    0.4078    0.2749   0.02927   0.01251   0.04424
    20/119     6.53G   0.03317    0.0245   0.05356    0.1112        58       640    0.5783    0.4053    0.4129    0.2753   0.02903   0.01255    0.0433
    21/119     6.53G    0.0337   0.02498   0.05207    0.1107        52       640    0.5853    0.4185    0.4206    0.2813   0.02932   0.01239   0.04211
    22/119     6.53G   0.03367   0.02477   0.05222    0.1107        85       640    0.6131    0.3969    0.4251    0.2883   0.02927   0.01236   0.04188
    23/119     6.53G   0.03303   0.02468   0.05163    0.1093        49       640    0.5964    0.4217    0.4425    0.2995   0.02854   0.01228   0.04112
    24/119     6.53G    0.0328   0.02437   0.05146    0.1086        55       640    0.5956    0.4309    0.4363    0.2978   0.02796   0.01238   0.04157
    25/119     6.53G    0.0333   0.02462   0.05095    0.1089        52       640    0.6225    0.4218    0.4495    0.3059   0.02804   0.01216   0.04052
    26/119     6.53G   0.03294   0.02459   0.05039    0.1079        52       640    0.6382    0.4386     0.466    0.3202   0.02752   0.01207   0.03988
    27/119     6.53G   0.03248    0.0244   0.04966    0.1065        39       640    0.6108    0.4364    0.4611    0.3151   0.02784   0.01207   0.03917
    28/119     6.53G   0.03225   0.02403   0.04941    0.1057        68       640     0.591    0.4601    0.4679    0.3205   0.02751   0.01207   0.03842
    29/119     6.53G   0.03283   0.02436   0.04951    0.1067        54       640    0.6176    0.4486    0.4779     0.328   0.02752   0.01198   0.03873
    30/119     6.53G   0.03229   0.02387   0.04846    0.1046        42       640    0.6429    0.4396    0.4819    0.3352   0.02739   0.01189   0.03815
    31/119     6.53G   0.03247    0.0242   0.04825    0.1049        66       640    0.6391    0.4541    0.4877    0.3387   0.02719   0.01195   0.03776
    32/119     6.53G   0.03258   0.02421   0.04858    0.1054        56       640    0.6373    0.4511    0.4874    0.3417   0.02697   0.01187   0.03833
    33/119     6.53G   0.03169     0.024   0.04689    0.1026        46       640    0.6086    0.4502    0.4867    0.3361   0.02678   0.01196   0.03744
    34/119     6.53G   0.03242    0.0239   0.04794    0.1043        46       640    0.6065    0.4655    0.4924    0.3433   0.02691   0.01186   0.03749
    35/119     6.53G   0.03172   0.02363   0.04689    0.1022        76       640    0.6365    0.4595    0.4952    0.3463   0.02672    0.0119   0.03688
    36/119     6.53G   0.03179   0.02364   0.04613    0.1016        41       640    0.6077    0.4776     0.505     0.355   0.02663   0.01184   0.03711
    37/119     6.53G   0.03122   0.02379   0.04648    0.1015        39       640    0.5914    0.4986    0.5066    0.3566   0.02641   0.01178   0.03715
    38/119     6.53G   0.03128   0.02324   0.04524   0.09975        73       640     0.651    0.4722    0.5196    0.3671   0.02637   0.01166    0.0355
    39/119     6.53G   0.03121     0.024   0.04528    0.1005        44       640    0.6217    0.5028    0.5235    0.3724   0.02638   0.01162   0.03533
    40/119     6.53G   0.03119   0.02355   0.04434   0.09908        55       640    0.6328    0.4737    0.5138    0.3649   0.02615   0.01176   0.03583
    41/119     6.53G   0.03153   0.02394   0.04558     0.101        36       640    0.6225    0.4723    0.5104    0.3632   0.02601    0.0117   0.03516
    42/119     6.53G   0.03103   0.02351   0.04389   0.09843        55       640    0.6211    0.4959     0.518    0.3709   0.02609   0.01163   0.03453
    43/119     6.53G   0.03071   0.02369   0.04357   0.09797        47       640    0.5967    0.5141    0.5271    0.3795   0.02567   0.01151   0.03406
    44/119     6.53G    0.0309   0.02302   0.04267   0.09658        67       640    0.6182    0.5156    0.5277    0.3768   0.02557   0.01154   0.03477
    45/119     6.53G   0.03109   0.02341   0.04378   0.09828        43       640    0.6343    0.4961    0.5254    0.3755   0.02557   0.01161   0.03479
    46/119     6.53G   0.03087   0.02347   0.04239   0.09673        60       640    0.6393    0.4952    0.5299    0.3799   0.02526   0.01152    0.0345
    47/119     6.53G   0.03109   0.02302   0.04257   0.09669        39       640     0.651    0.4927    0.5391    0.3865    0.0252    0.0115   0.03409
    48/119     6.53G   0.03021   0.02292   0.04156   0.09469        48       640    0.6453    0.5059    0.5441    0.3912    0.0254   0.01143   0.03431
    49/119     6.53G   0.03049   0.02273   0.04145   0.09468        46       640    0.6309    0.5021    0.5458    0.3932   0.02515   0.01146   0.03383
    50/119     6.53G    0.0306   0.02277   0.04234   0.09571        48       640    0.5982    0.5225    0.5443    0.3928   0.02505   0.01149   0.03356
    51/119     6.53G      0.03   0.02291   0.04121   0.09413        47       640     0.602     0.516    0.5494    0.3956   0.02494    0.0115   0.03336
    52/119     6.53G    0.0298   0.02287   0.04075   0.09342        51       640    0.6494    0.5038    0.5574    0.4024    0.0247   0.01145   0.03254
    53/119     6.53G   0.02975   0.02268   0.04016    0.0926        50       640    0.6725    0.5073    0.5574    0.4029   0.02461   0.01141   0.03269
    54/119     6.53G   0.03002   0.02271   0.04029   0.09302        47       640    0.6095     0.526    0.5611    0.4081   0.02461   0.01138   0.03275
    55/119     6.53G   0.03003   0.02297   0.04089   0.09389        53       640    0.6859     0.498    0.5602    0.4062   0.02469   0.01139   0.03256
    56/119     6.53G   0.02982   0.02262   0.03947    0.0919        45       640     0.643     0.506    0.5627    0.4087   0.02469   0.01136   0.03237
    57/119     6.53G   0.02952    0.0225   0.03915   0.09116        33       640    0.6326    0.5146    0.5613    0.4072   0.02461   0.01135   0.03215
    58/119     6.53G    0.0295   0.02253   0.03888   0.09091        44       640    0.6348    0.5208    0.5657    0.4113    0.0246   0.01134   0.03191
    59/119     6.53G   0.02922   0.02232   0.04009   0.09163        47       640    0.6626    0.5142    0.5688    0.4162   0.02456   0.01137   0.03175
    60/119     6.53G    0.0292   0.02239   0.03869   0.09028        52       640    0.6268    0.5257    0.5716    0.4184   0.02467   0.01135   0.03169
    61/119     6.53G   0.02906   0.02211   0.03725   0.08842        52       640     0.642    0.5174    0.5735    0.4208   0.02454   0.01132    0.0321
    62/119     6.53G   0.02929   0.02236   0.03818   0.08983        43       640    0.6452    0.5165    0.5756    0.4214   0.02446   0.01128   0.03206
    63/119     6.53G   0.02891   0.02199   0.03798   0.08888        54       640    0.6605     0.513    0.5789    0.4254   0.02433   0.01124   0.03196
    64/119     6.53G   0.02867   0.02234   0.03767   0.08867        58       640    0.6863    0.5129    0.5827    0.4289    0.0242    0.0112    0.0315
    65/119     6.53G   0.02895   0.02226   0.03726   0.08847        47       640    0.6808    0.5053    0.5818    0.4266   0.02422   0.01119    0.0313
    66/119     6.53G   0.02853    0.0219   0.03711   0.08755        54       640    0.6395    0.5349    0.5834    0.4272   0.02416   0.01118   0.03112
    67/119     6.53G   0.02881   0.02199   0.03735   0.08815        50       640    0.6358     0.545    0.5859    0.4305   0.02413   0.01115     0.031
    68/119     6.53G   0.02866   0.02157   0.03601   0.08624        44       640    0.6842    0.5186    0.5896    0.4328   0.02406   0.01114   0.03081
    69/119     6.53G   0.02803   0.02171   0.03633   0.08608        54       640    0.6406    0.5491    0.5895    0.4329   0.02403   0.01114    0.0305
    70/119     6.53G   0.02822   0.02179   0.03574   0.08576        46       640    0.6285    0.5614    0.5913    0.4344   0.02396   0.01114   0.03043
    71/119     6.53G   0.02833   0.02162   0.03472   0.08466        42       640    0.6461    0.5553    0.5934    0.4368   0.02397   0.01114   0.03032
    72/119     6.53G   0.02824    0.0215   0.03474   0.08448        47       640    0.6526    0.5508    0.5955    0.4388   0.02398   0.01114   0.03028
    73/119     6.53G   0.02813   0.02148   0.03529    0.0849        49       640    0.6497    0.5534    0.5963    0.4394   0.02394   0.01113   0.03023
    74/119     6.53G   0.02801   0.02179   0.03374   0.08354        54       640    0.6601     0.546    0.5959    0.4397    0.0239   0.01112   0.03012
    75/119     6.53G   0.02829   0.02125   0.03416   0.08369        34       640    0.6753    0.5429     0.597    0.4409   0.02386   0.01111   0.03002
    76/119     6.53G   0.02738   0.02119   0.03391   0.08248        51       640    0.6425    0.5544    0.5988     0.442   0.02381    0.0111    0.0299
    77/119     6.53G   0.02765   0.02123    0.0334   0.08228        49       640    0.6505    0.5547    0.6009     0.443   0.02377    0.0111   0.02979
    78/119     6.53G   0.02799   0.02144   0.03321   0.08263        56       640    0.6555     0.555    0.6023    0.4449   0.02373   0.01109   0.02977
    79/119     6.53G   0.02766   0.02119   0.03253   0.08138        47       640     0.647    0.5629    0.6036     0.446   0.02368   0.01109   0.02979
    80/119     6.53G   0.02685   0.02095   0.03325   0.08106        76       640    0.6538     0.561    0.6041    0.4467   0.02368   0.01109   0.02979
    81/119     6.53G   0.02674   0.02109   0.03307   0.08091        53       640    0.6444    0.5635    0.6045    0.4478   0.02367   0.01109   0.02981
    82/119     6.53G   0.02709   0.02099     0.033   0.08109        50       640    0.6559    0.5568    0.6047    0.4478   0.02367   0.01109   0.02978
    83/119     6.53G   0.02719   0.02108   0.03264   0.08091        62       640    0.6108    0.5942    0.6057    0.4494   0.02368   0.01108   0.02971
    84/119     6.53G   0.02659   0.02057   0.03161   0.07876        52       640    0.6225    0.5848    0.6067    0.4493   0.02368   0.01108   0.02964
    85/119     6.53G    0.0267   0.02105   0.03135    0.0791        64       640      0.61    0.5947    0.6078    0.4501   0.02368   0.01108   0.02959
    86/119     6.53G   0.02663   0.02093   0.03155   0.07912        49       640    0.6108    0.5955    0.6079    0.4507   0.02369   0.01108   0.02957
    87/119     6.53G   0.02625   0.02064   0.03061    0.0775        40       640    0.6306    0.5791    0.6084    0.4509    0.0237   0.01108   0.02958
    88/119     6.53G   0.02599    0.0207   0.03031     0.077        78       640    0.6451    0.5735      0.61    0.4517    0.0237   0.01108   0.02956
    89/119     6.53G   0.02636   0.02052   0.03074   0.07761        54       640    0.6133    0.5967    0.6106    0.4525    0.0237   0.01107   0.02957
    90/119     6.53G    0.0263   0.02068   0.03044   0.07742        75       640    0.6311    0.5823    0.6109    0.4527   0.02371   0.01107   0.02958
    91/119     6.53G   0.02561   0.02014    0.0293   0.07505        40       640    0.6413    0.5772    0.6117    0.4531   0.02371   0.01106   0.02958
    92/119     6.53G   0.02598   0.02004   0.02974   0.07576        45       640    0.6461    0.5757    0.6119     0.454   0.02371   0.01106   0.02954
    93/119     6.53G   0.02571   0.02025     0.029   0.07496        37       640    0.6425    0.5774    0.6124    0.4542    0.0237   0.01106   0.02954
    94/119     6.53G   0.02593      0.02   0.02943   0.07536        44       640     0.648    0.5743    0.6126    0.4543   0.02369   0.01105   0.02953
    95/119     6.53G   0.02569   0.02056     0.029   0.07526        53       640    0.6381    0.5839    0.6138    0.4552   0.02367   0.01104   0.02949
    96/119     6.53G   0.02556   0.01999   0.02816   0.07371        45       640    0.6442    0.5792    0.6143    0.4556   0.02366   0.01104   0.02944
    97/119     6.53G   0.02555   0.02004   0.02873   0.07432        34       640    0.6534    0.5737    0.6148    0.4562   0.02366   0.01103   0.02937
    98/119     6.53G   0.02518   0.01975    0.0276   0.07253        50       640    0.6461    0.5806    0.6156    0.4565   0.02364   0.01103   0.02934
    99/119     6.53G   0.02512   0.01998   0.02871   0.07381        47       640    0.6482    0.5796     0.616     0.457   0.02363   0.01103   0.02931
   100/119     6.53G   0.02523   0.01988   0.02793   0.07303        45       640    0.6524    0.5765    0.6162    0.4576   0.02362   0.01103   0.02928
   101/119     6.53G   0.02497   0.01969   0.02761   0.07227        56       640     0.628    0.5968    0.6166    0.4578   0.02362   0.01102   0.02927
   102/119     6.53G   0.02499   0.01987   0.02754   0.07241        50       640    0.6467    0.5808    0.6171    0.4582   0.02361   0.01102   0.02923
   103/119     6.53G   0.02468   0.01955   0.02692   0.07115        47       640    0.6408     0.585    0.6176    0.4583   0.02361   0.01102    0.0292
   104/119     6.53G   0.02461   0.01949   0.02716   0.07127        54       640    0.6498    0.5798     0.618    0.4591   0.02361   0.01102   0.02918
   105/119     6.53G   0.02502    0.0197   0.02671   0.07143        55       640    0.6525    0.5798    0.6184    0.4599    0.0236   0.01101   0.02916
   106/119     6.53G   0.02488   0.01944   0.02674   0.07107        44       640    0.6413    0.5894    0.6191    0.4609    0.0236   0.01101   0.02914
   107/119     6.53G   0.02445   0.01941   0.02618   0.07004        37       640    0.6404    0.5892    0.6193    0.4617   0.02359   0.01101   0.02913
   108/119     6.53G   0.02426   0.01962    0.0262   0.07008        49       640    0.6387    0.5921    0.6202    0.4618   0.02359   0.01101   0.02912
   109/119     6.53G   0.02446   0.01965   0.02594   0.07005        59       640    0.6403    0.5919    0.6206    0.4621   0.02358   0.01101   0.02912
   110/119     6.53G   0.02445   0.01954   0.02609   0.07008        44       640    0.6645    0.5761    0.6209    0.4625   0.02358   0.01101   0.02911
   111/119     6.53G   0.02427    0.0193   0.02586   0.06943        40       640     0.652    0.5875    0.6209    0.4627   0.02357   0.01101   0.02909
   112/119     6.53G   0.02437   0.01952   0.02652   0.07041        44       640    0.6506    0.5862    0.6207    0.4628   0.02357   0.01101   0.02908
   113/119     6.53G   0.02443   0.01961   0.02614   0.07018        44       640    0.6472    0.5881    0.6208    0.4635   0.02357   0.01101   0.02907
   114/119     6.53G   0.02431   0.01909   0.02548   0.06888        40       640    0.6557    0.5839    0.6214    0.4636   0.02357   0.01101   0.02907
   115/119     6.53G   0.02429   0.01908   0.02444   0.06781        39       640    0.6543    0.5836    0.6221    0.4639   0.02356   0.01101   0.02907
   116/119     6.53G   0.02446   0.01898   0.02577   0.06922        43       640    0.6366    0.5944    0.6221    0.4639   0.02356   0.01101   0.02906
   117/119     6.53G   0.02394    0.0191    0.0253   0.06833        50       640    0.6456    0.5894    0.6225    0.4643   0.02355   0.01101   0.02905
   118/119     6.53G   0.02412   0.01919   0.02501   0.06833       104       640    0.6453    0.5905    0.6228    0.4646   0.02355   0.01101   0.02905
   119/119     6.53G   0.02403   0.01887   0.02438   0.06728        46       640    0.6475    0.5887    0.6232     0.465   0.02355   0.01102   0.02905
