     0/119     4.99G    0.0431   0.03228    0.0849    0.1603        19      1280   0.05792    0.1835   0.04815   0.02934   0.02512   0.01422   0.07005
     1/119        6G   0.03167    0.0263   0.07538    0.1333        19      1280    0.2531      0.26    0.1114   0.06533    0.0265   0.01399   0.06286
     2/119        6G   0.03411   0.02797   0.06979    0.1319        39      1280    0.3524    0.2236    0.1289    0.0736   0.03278   0.01593    0.0609
     3/119        6G   0.03378   0.02971    0.0688    0.1323        20      1280    0.2529     0.315    0.1718    0.0992   0.03091   0.01511   0.05703
     4/119        6G   0.03134    0.0287   0.06604    0.1261        13      1280    0.3554    0.2584    0.1858    0.1127   0.02915   0.01503   0.05655
     5/119        6G    0.0302   0.02806   0.06404    0.1223        16      1280    0.3255    0.3322     0.215    0.1363   0.02866   0.01469   0.05475
     6/119        6G   0.02967   0.02819    0.0623    0.1202        18      1280    0.4325    0.2999    0.2476    0.1574   0.02777   0.01427   0.05184
     7/119        6G   0.02829   0.02756   0.06094    0.1168        14      1280     0.407    0.3268    0.2767    0.1786   0.02654   0.01429   0.05038
     8/119        6G   0.02831   0.02768   0.05959    0.1156        21      1280    0.4726    0.3209    0.2826    0.1822   0.02633   0.01411   0.04877
     9/119        6G   0.02808   0.02715    0.0587    0.1139        18      1280    0.5062    0.3279    0.3084    0.1982   0.02622   0.01428    0.0487
    10/119        6G   0.02739   0.02678   0.05766    0.1118        22      1280    0.5044    0.3691    0.3243    0.2108   0.02474   0.01384   0.04711
    11/119        6G   0.02747   0.02698    0.0569    0.1114        10      1280     0.489    0.3526    0.3156    0.2024   0.02599   0.01428   0.04767
    12/119        6G   0.02639   0.02652   0.05572    0.1086        26      1280    0.5745    0.3244    0.3373    0.2214   0.02582   0.01409   0.04632
    13/119        6G   0.02667   0.02646   0.05434    0.1075        15      1280    0.5479    0.3857    0.3754    0.2508   0.02484   0.01375   0.04448
    14/119        6G   0.02621   0.02632   0.05402    0.1066        22      1280     0.599    0.3677    0.3785    0.2505   0.02462   0.01357   0.04414
    15/119        6G   0.02619   0.02615    0.0533    0.1056        18      1280    0.5186    0.4025    0.3778    0.2532   0.02437    0.0136   0.04377
    16/119        6G   0.02581   0.02638   0.05274    0.1049        11      1280    0.5974     0.389    0.4024    0.2728   0.02309   0.01344   0.04187
    17/119        6G   0.02577   0.02607     0.052    0.1038        22      1280    0.5838    0.4035     0.406    0.2771   0.02315   0.01339   0.04183
    18/119        6G   0.02582   0.02586   0.05154    0.1032        17      1280    0.5831    0.3943    0.4186    0.2834   0.02327   0.01349   0.04097
    19/119        6G   0.02539   0.02563   0.05089    0.1019        27      1280    0.5962    0.4099    0.4298    0.2947   0.02313   0.01334   0.03988
    20/119        6G   0.02549   0.02563   0.05012    0.1012        15      1280    0.5755    0.4112    0.4368    0.3013   0.02303   0.01313   0.03908
    21/119        6G   0.02516   0.02573   0.04954    0.1004        14      1280     0.589    0.4376    0.4475    0.3061   0.02241   0.01319   0.03828
    22/119        6G   0.02505    0.0253   0.04878   0.09913        19      1280    0.5556    0.4537    0.4471    0.3089   0.02229   0.01323   0.03829
    23/119        6G   0.02504   0.02561   0.04773   0.09838        23      1280    0.5941    0.4413    0.4491     0.312   0.02238   0.01324   0.03813
    24/119        6G   0.02495   0.02556   0.04763   0.09814        17      1280    0.5972    0.4464    0.4644    0.3257   0.02196   0.01304    0.0372
    25/119        6G   0.02458   0.02526   0.04766    0.0975        19      1280    0.6044    0.4461    0.4689    0.3273   0.02229   0.01305   0.03754
    26/119        6G   0.02442    0.0252   0.04654   0.09616        15      1280    0.6178    0.4206    0.4616    0.3247   0.02232   0.01302   0.03695
    27/119        6G   0.02442   0.02497   0.04591    0.0953        15      1280    0.6162    0.4618    0.4814    0.3392   0.02192   0.01305   0.03629
    28/119        6G   0.02444   0.02524   0.04584   0.09551        24      1280    0.6071    0.4758    0.4849      0.34   0.02168   0.01291   0.03593
    29/119        6G   0.02418   0.02468   0.04524   0.09411        16      1280    0.6103    0.4751    0.4936    0.3493   0.02153   0.01268   0.03521
    30/119        6G   0.02421   0.02487   0.04531   0.09439        28      1280    0.6063    0.4848    0.4983     0.356   0.02128   0.01271   0.03489
    31/119        6G   0.02385   0.02483   0.04442    0.0931        18      1280    0.6542    0.4482    0.4983    0.3568   0.02112   0.01274   0.03501
    32/119        6G   0.02415   0.02474   0.04437   0.09326        18      1280    0.6327    0.4808    0.5069    0.3666   0.02134   0.01267   0.03424
    33/119        6G   0.02407   0.02462     0.044   0.09269        24      1280    0.6926    0.4577    0.5194    0.3726   0.02095   0.01266   0.03345
    34/119        6G   0.02381   0.02458   0.04362   0.09201        18      1280    0.6742    0.4662    0.5157    0.3707   0.02072   0.01258    0.0332
    35/119        6G   0.02359   0.02473   0.04323   0.09155        15      1280    0.6571    0.4777    0.5186    0.3742   0.02042   0.01262   0.03359
    36/119        6G   0.02338   0.02458   0.04264   0.09059        15      1280      0.66    0.4929     0.526    0.3796   0.02048   0.01255    0.0327
    37/119        6G   0.02381   0.02463   0.04232   0.09075        21      1280    0.6958    0.4732    0.5314    0.3845   0.02049   0.01255   0.03269
    38/119        6G   0.02333   0.02421   0.04224   0.08979        28      1280    0.6686    0.4894    0.5329    0.3853   0.02069   0.01248   0.03271
    39/119        6G   0.02344   0.02424   0.04141   0.08909        20      1280    0.6275    0.4951    0.5346    0.3872   0.02031   0.01252   0.03188
    40/119        6G   0.02321   0.02417    0.0412   0.08859        21      1280    0.6765    0.4882    0.5486    0.3987   0.02035    0.0125   0.03175
    41/119        6G   0.02321   0.02402   0.04133   0.08856        17      1280    0.6628    0.4896    0.5438    0.3962   0.02009   0.01242   0.03196
    42/119        6G   0.02317   0.02403    0.0403    0.0875        18      1280    0.7034    0.4874    0.5487    0.4022    0.0199   0.01248   0.03129
    43/119        6G    0.0229    0.0242   0.04038   0.08749        18      1280    0.6424    0.5164    0.5542    0.4069   0.01994   0.01242   0.03091
    44/119        6G   0.02303   0.02394   0.04044   0.08741        22      1280    0.6693    0.5076    0.5628    0.4143      0.02   0.01231   0.03091
    45/119        6G   0.02279   0.02407   0.03998   0.08684        14      1280    0.6463    0.5193    0.5632    0.4149    0.0199   0.01235   0.03099
    46/119        6G   0.02263   0.02366   0.03955   0.08584        17      1280    0.6589    0.5268    0.5654    0.4167   0.01976   0.01229   0.03063
    47/119        6G   0.02279   0.02358   0.03937   0.08574        20      1280    0.6375    0.5517     0.573    0.4216   0.01973   0.01226   0.03001
    48/119        6G    0.0226   0.02373   0.03847    0.0848        16      1280     0.647    0.5378    0.5745    0.4222   0.01978   0.01225   0.03008
    49/119        6G   0.02223   0.02375    0.0387   0.08468        22      1280    0.6725    0.5277    0.5802    0.4288   0.01953   0.01214   0.02999
    50/119        6G   0.02245   0.02363   0.03923   0.08531        18      1280    0.7038    0.5082    0.5798    0.4293   0.01951   0.01218   0.02988
    51/119        6G   0.02227   0.02363   0.03742   0.08332        18      1280    0.6908    0.5187     0.582    0.4306   0.01936   0.01219    0.0296
    52/119        6G   0.02233   0.02332   0.03776    0.0834        16      1280    0.6742    0.5276    0.5869    0.4358   0.01942   0.01217   0.02944
    53/119        6G   0.02221   0.02323   0.03759   0.08302        20      1280    0.7018    0.5139    0.5888    0.4361   0.01945   0.01216    0.0293
    54/119        6G   0.02207    0.0229   0.03675   0.08171        15      1280    0.6973    0.5193    0.5878    0.4367   0.01944   0.01212   0.02897
    55/119        6G   0.02211   0.02314   0.03678   0.08203        14      1280    0.7215    0.5094    0.5899    0.4388    0.0194   0.01214    0.0288
    56/119        6G   0.02159   0.02318   0.03651   0.08129        23      1280    0.6589    0.5284    0.5941    0.4426   0.01926   0.01215   0.02871
    57/119        6G   0.02185   0.02305   0.03644   0.08134        16      1280    0.5964    0.5779    0.5948    0.4413   0.01923   0.01211   0.02869
    58/119        6G    0.0217   0.02316   0.03557   0.08043        13      1280    0.6775    0.5311    0.5954    0.4453   0.01915   0.01208   0.02832
    59/119        6G   0.02159   0.02254   0.03465   0.07878        14      1280    0.6722    0.5264     0.598     0.448   0.01912   0.01204   0.02833
    60/119        6G   0.02149   0.02264   0.03463   0.07875        21      1280     0.658    0.5472    0.6028    0.4509   0.01902     0.012   0.02825
    61/119        6G   0.02159   0.02269   0.03382    0.0781        22      1280    0.6497    0.5642    0.6076    0.4555   0.01896   0.01201    0.0283
    62/119        6G   0.02111    0.0225   0.03426   0.07788        22      1280    0.6415    0.5708    0.6114    0.4564   0.01886   0.01204   0.02827
    63/119        6G   0.02128   0.02231   0.03441     0.078        13      1280    0.6347    0.5699    0.6125    0.4574   0.01881   0.01205     0.028
    64/119        6G   0.02151    0.0225   0.03411   0.07812        15      1280    0.6611    0.5519     0.611    0.4583   0.01873   0.01205   0.02781
    65/119        6G   0.02123   0.02253    0.0338   0.07756        40      1280    0.7399    0.5199    0.6114    0.4587    0.0187   0.01207    0.0277
    66/119        6G   0.02104   0.02242    0.0333   0.07676        14      1280    0.6383    0.5697    0.6143     0.462   0.01868   0.01206   0.02758
    67/119        6G   0.02092   0.02224   0.03334    0.0765        32      1280    0.6279    0.5802    0.6144    0.4616   0.01865   0.01205    0.0275
    68/119        6G   0.02044   0.02194   0.03263   0.07501        20      1280    0.6417    0.5724    0.6146    0.4625   0.01863   0.01206   0.02739
    69/119        6G   0.02099   0.02235   0.03258   0.07592        22      1280    0.6419    0.5751    0.6176    0.4655   0.01861   0.01204   0.02722
    70/119        6G   0.02056   0.02196   0.03181   0.07433        12      1280    0.6519    0.5669    0.6201    0.4671   0.01857   0.01203   0.02719
    71/119        6G   0.02062   0.02201    0.0319   0.07453        20      1280    0.6406    0.5739    0.6204    0.4674   0.01852   0.01202   0.02713
    72/119        6G   0.02024   0.02201   0.03141   0.07366        27      1280    0.5988    0.6157    0.6218    0.4691   0.01851   0.01201   0.02704
    73/119        6G   0.02005   0.02197   0.03162   0.07364        16      1280    0.6454    0.5766     0.623    0.4706   0.01851   0.01201   0.02692
    74/119        6G   0.02025   0.02198   0.03109   0.07331        16      1280    0.6653    0.5691    0.6246    0.4722    0.0185   0.01201   0.02688
    75/119        6G    0.0201    0.0217   0.03079   0.07259        17      1280    0.6796    0.5636    0.6257    0.4731   0.01848   0.01201    0.0268
    76/119        6G   0.01998   0.02185    0.0307   0.07253        20      1280    0.6321    0.6003    0.6272    0.4744   0.01849   0.01201   0.02675
    77/119        6G   0.02004   0.02194   0.03104   0.07302        13      1280    0.6616    0.5758     0.627    0.4751   0.01848   0.01201   0.02671
    78/119        6G   0.01977   0.02173   0.03012   0.07161        23      1280    0.6466    0.5893    0.6281    0.4763   0.01847     0.012   0.02665
    79/119        6G   0.01953   0.02112   0.03025    0.0709        16      1280    0.6307    0.6094    0.6292    0.4768   0.01847     0.012    0.0266
    80/119        6G    0.0197   0.02136   0.02922   0.07027        17      1280    0.6236    0.6158    0.6298    0.4776   0.01846     0.012   0.02654
    81/119        6G   0.01955    0.0212   0.02867   0.06943        19      1280    0.6542    0.5929    0.6316    0.4789   0.01845   0.01199   0.02648
    82/119        6G    0.0195    0.0215   0.02909    0.0701        18      1280    0.6625    0.5865    0.6328    0.4801   0.01843   0.01199   0.02641
    83/119        6G   0.01961   0.02131    0.0283   0.06921        20      1280    0.6657    0.5856    0.6336    0.4806   0.01843   0.01198   0.02635
    84/119        6G   0.01921   0.02104   0.02876   0.06902        15      1280    0.6362    0.6086    0.6337    0.4808   0.01843   0.01198   0.02631
    85/119        6G   0.01954   0.02124   0.02818   0.06896        16      1280    0.6356    0.6094    0.6343    0.4817   0.01841   0.01198   0.02629
    86/119        6G   0.01896   0.02092   0.02766   0.06754        18      1280    0.6694     0.588    0.6353    0.4828    0.0184   0.01197   0.02628
    87/119        6G   0.01901   0.02057   0.02767   0.06725        16      1280    0.6495    0.6041    0.6359    0.4837   0.01839   0.01197   0.02626
    88/119        6G   0.01881   0.02066    0.0268   0.06628        20      1280    0.6472    0.6066    0.6365    0.4842   0.01838   0.01197   0.02621
    89/119        6G   0.01903   0.02088   0.02652   0.06643        29      1280    0.6692    0.5915     0.637     0.485   0.01837   0.01196   0.02617
    90/119        6G   0.01887    0.0208   0.02741   0.06707        23      1280    0.6628    0.5963    0.6371    0.4851   0.01837   0.01196   0.02613
    91/119        6G   0.01863   0.02077   0.02714   0.06654        19      1280    0.6364    0.6162    0.6378    0.4861   0.01837   0.01196   0.02609
    92/119        6G    0.0184   0.02063   0.02629   0.06532        17      1280    0.6551    0.6007    0.6382    0.4869   0.01837   0.01195   0.02605
    93/119        6G   0.01829   0.02024   0.02615   0.06468        19      1280    0.6462    0.6095    0.6385    0.4874   0.01836   0.01195   0.02601
    94/119        6G   0.01867   0.02048   0.02515    0.0643        17      1280    0.6507    0.6075    0.6393    0.4887   0.01836   0.01195   0.02596
    95/119        6G   0.01818   0.01999   0.02499   0.06317        21      1280    0.6537     0.605      0.64    0.4898   0.01836   0.01194   0.02592
    96/119        6G   0.01811   0.02015    0.0251   0.06336        18      1280    0.6526    0.6065    0.6405    0.4898   0.01836   0.01194    0.0259
    97/119        6G   0.01792   0.01996   0.02496   0.06284        22      1280     0.657    0.6038    0.6412    0.4906   0.01835   0.01194   0.02587
    98/119        6G   0.01815   0.01995    0.0247    0.0628        25      1280    0.6514    0.6069    0.6418     0.491   0.01835   0.01194   0.02586
    99/119        6G   0.01816   0.02032   0.02445   0.06293        14      1280     0.668    0.5962     0.642     0.492   0.01835   0.01194   0.02583
   100/119        6G    0.0181   0.02007   0.02462   0.06279        18      1280    0.6891    0.5858    0.6429    0.4926   0.01835   0.01193    0.0258
   101/119        6G   0.01762   0.01978   0.02396   0.06136        22      1280    0.6935     0.584    0.6439    0.4933   0.01834   0.01193   0.02578
   102/119        6G   0.01789   0.02022   0.02413   0.06224        13      1280    0.7011    0.5809    0.6445    0.4941   0.01833   0.01193   0.02575
   103/119        6G   0.01761   0.01983   0.02387    0.0613        20      1280     0.704    0.5804    0.6447    0.4941   0.01833   0.01193   0.02573
   104/119        6G   0.01787   0.01984   0.02356   0.06127        21      1280    0.7002    0.5805    0.6452    0.4943   0.01832   0.01193   0.02571
   105/119        6G   0.01748   0.01992   0.02398   0.06138        19      1280     0.713    0.5749    0.6456    0.4953   0.01832   0.01193   0.02568
   106/119        6G   0.01767   0.01975   0.02333   0.06075        26      1280    0.7058     0.578    0.6462    0.4957   0.01831   0.01193   0.02566
   107/119        6G   0.01717    0.0194   0.02267   0.05925        22      1280    0.7149    0.5726    0.6465    0.4959    0.0183   0.01193   0.02563
   108/119        6G   0.01727   0.01973   0.02309   0.06008        56      1280     0.719    0.5722    0.6473    0.4965    0.0183   0.01193    0.0256
   109/119        6G   0.01728   0.01956   0.02235    0.0592        15      1280    0.7199    0.5721    0.6477    0.4973    0.0183   0.01193   0.02557
   110/119        6G    0.0173   0.01935   0.02226   0.05891        22      1280    0.7218    0.5708    0.6479    0.4975   0.01829   0.01193   0.02554
   111/119        6G   0.01706   0.01938   0.02329   0.05973        15      1280    0.7082    0.5779    0.6483    0.4981   0.01829   0.01193   0.02552
   112/119        6G   0.01715   0.01909   0.02225   0.05849        19      1280    0.7075    0.5786    0.6488    0.4988   0.01829   0.01193   0.02549
   113/119        6G   0.01729   0.01944   0.02209   0.05882        28      1280    0.6785    0.5976     0.649    0.4991   0.01828   0.01193   0.02548
   114/119        6G   0.01733   0.01949   0.02219     0.059        14      1280    0.6723    0.6048    0.6497    0.4995   0.01828   0.01193   0.02546
   115/119        6G   0.01712   0.01902   0.02189   0.05802        15      1280    0.6733    0.6062    0.6499    0.4999   0.01828   0.01193   0.02545
   116/119        6G    0.0172     0.019    0.0219    0.0581        12      1280    0.6687    0.6106    0.6495    0.5003   0.01827   0.01193   0.02543
   117/119        6G   0.01717   0.01913   0.02237   0.05868        21      1280    0.6691    0.6112    0.6498    0.5011   0.01827   0.01193   0.02541
   118/119        6G   0.01709   0.01932   0.02187   0.05828        18      1280    0.6686    0.6115      0.65    0.5012   0.01826   0.01193    0.0254
   119/119        6G    0.0169    0.0191   0.02139   0.05739        15      1280    0.6708    0.6102    0.6506    0.5018   0.01826   0.01193   0.02539
