     0/119     3.81G   0.05539   0.03024   0.08533     0.171        49       640    0.2021    0.2234   0.05419     0.033   0.03316   0.01277   0.06991
     1/119     3.47G   0.04095   0.02562   0.07512    0.1417        82       640    0.2698     0.264    0.1194   0.06834    0.0361   0.01351   0.06342
     2/119     3.47G   0.04287    0.0274   0.07091    0.1412        53       640    0.2161    0.2052   0.08313   0.03993   0.04143     0.016   0.06542
     3/119     3.47G    0.0422   0.02825   0.06969    0.1401        54       640    0.3233    0.2631    0.1575   0.08547   0.03842   0.01433   0.06016
     4/119     3.47G   0.04037   0.02782   0.06811    0.1363        65       640     0.367    0.2306    0.1718    0.1023   0.03602   0.01412   0.05983
     5/119     3.47G   0.03886   0.02768   0.06607    0.1326        59       640    0.3862    0.3014    0.2203    0.1344   0.03531   0.01379   0.05725
     6/119     3.47G   0.03771   0.02708   0.06433    0.1291        59       640    0.3844    0.2707    0.2105    0.1301   0.03522   0.01357   0.05724
     7/119     3.47G   0.03733   0.02656   0.06299    0.1269        49       640    0.3811    0.3254    0.2475    0.1531   0.03429    0.0135   0.05519
     8/119     3.47G   0.03718   0.02662   0.06247    0.1263        49       640    0.4349    0.3168    0.2626    0.1653    0.0332   0.01328   0.05423
     9/119     3.47G   0.03644   0.02621   0.06151    0.1242        57       640    0.5558    0.2794    0.2911    0.1834   0.03339     0.013   0.05098
    10/119     3.47G   0.03574   0.02614   0.05905    0.1209        59       640    0.4887    0.2744    0.2366    0.1414   0.03494   0.01373   0.05554
    11/119     3.47G   0.03594    0.0261   0.05796      0.12        87       640    0.4711    0.3651    0.3311    0.2105   0.03158   0.01278   0.04976
    12/119     3.47G   0.03542   0.02582   0.05844    0.1197        51       640    0.4937    0.3585    0.3368    0.2121   0.03118   0.01253   0.04985
    13/119     3.47G   0.03476   0.02563   0.05779    0.1182        57       640      0.52    0.3622    0.3464    0.2223   0.03095   0.01265   0.04874
    14/119     3.47G   0.03466    0.0258   0.05726    0.1177        97       640    0.5146    0.3877    0.3613     0.235   0.03058   0.01256   0.04724
    15/119     3.47G   0.03471   0.02564   0.05718    0.1175        53       640    0.5273    0.3842    0.3635    0.2392   0.03018    0.0125   0.04696
    16/119     3.47G   0.03474   0.02577   0.05546     0.116        51       640    0.5477    0.4054    0.3855    0.2553   0.02953   0.01227   0.04786
    17/119     3.47G   0.03408     0.025   0.05434    0.1134        55       640     0.521    0.4193    0.3904    0.2629   0.03042   0.01233   0.04589
    18/119     3.47G   0.03405   0.02493   0.05395    0.1129        56       640    0.5514    0.4063    0.4012    0.2664   0.02972   0.01237    0.0453
    19/119     3.47G   0.03419    0.0252   0.05353    0.1129        54       640     0.563    0.4355    0.4174    0.2763   0.02932   0.01216   0.04503
    20/119     3.47G   0.03389   0.02491   0.05215    0.1109        77       640    0.5744    0.4187    0.4172    0.2824   0.02895   0.01215     0.045
    21/119     3.47G   0.03349   0.02485   0.05207    0.1104        76       640    0.5405     0.424     0.402    0.2704    0.0293   0.01229   0.04498
    22/119     3.47G   0.03325   0.02476   0.05218    0.1102        62       640    0.5659    0.4179     0.415    0.2783    0.0292   0.01225   0.04457
    23/119     3.47G   0.03352   0.02494   0.05233    0.1108        65       640    0.6015    0.4205    0.4246    0.2811   0.02896   0.01207   0.04465
    24/119     3.47G    0.0334    0.0246   0.05098     0.109        63       640    0.6089    0.4288    0.4461    0.3002   0.02912   0.01201   0.04373
    25/119     3.47G   0.03281   0.02445   0.05091    0.1082        71       640    0.5981    0.4377    0.4545    0.3089   0.02796   0.01187   0.04422
    26/119     3.47G   0.03281   0.02451   0.04929    0.1066        51       640    0.5609     0.471    0.4499    0.3092    0.0281   0.01188   0.04334
    27/119     3.47G   0.03271   0.02457   0.04943    0.1067        45       640    0.6101    0.4579    0.4645     0.322   0.02753   0.01181     0.042
    28/119     3.47G   0.03285   0.02409   0.04921    0.1061        55       640    0.6061    0.4394    0.4607    0.3138   0.02791   0.01175   0.04248
    29/119     3.47G   0.03331   0.02468   0.04976    0.1078        92       640    0.5965    0.4638    0.4714    0.3263   0.02736   0.01182   0.04174
    30/119     3.47G   0.03272   0.02444    0.0493    0.1065        50       640    0.6267    0.4483    0.4799    0.3319   0.02694   0.01177   0.04031
    31/119     3.47G    0.0324   0.02436   0.04787    0.1046        64       640    0.6103    0.4766    0.4919    0.3429   0.02718   0.01172   0.03976
    32/119     3.47G   0.03262   0.02435   0.04809    0.1051        46       640    0.6201    0.4758    0.4909    0.3432   0.02706   0.01167   0.04001
    33/119     3.47G   0.03197    0.0239   0.04743    0.1033        58       640    0.6438    0.4489    0.4842    0.3381   0.02687   0.01168    0.0403
    34/119     3.47G   0.03285   0.02437   0.04701    0.1042        44       640    0.5861    0.4569      0.46    0.3165   0.02758    0.0118   0.04222
    35/119     3.47G   0.03245    0.0243   0.04752    0.1043        55       640    0.6168     0.468    0.4855    0.3382   0.02652   0.01169   0.03945
    36/119     3.47G   0.03169    0.0239   0.04685    0.1024        73       640    0.6517    0.4499     0.496    0.3512   0.02619   0.01158   0.03954
    37/119     3.47G   0.03172   0.02393   0.04609    0.1017        60       640    0.6221    0.4776    0.5109    0.3629   0.02629   0.01143   0.03998
    38/119     3.47G   0.03213   0.02369    0.0459    0.1017        43       640    0.6659    0.4702    0.5132    0.3613   0.02618   0.01148   0.03862
    39/119     3.47G   0.03175   0.02402   0.04545    0.1012        53       640    0.6131    0.4861    0.5055    0.3569   0.02621   0.01148    0.0386
    40/119     3.47G   0.03134   0.02394   0.04543    0.1007        68       640    0.6311    0.4886    0.5107    0.3623    0.0257   0.01145   0.03854
    41/119     3.47G   0.03133    0.0236   0.04483   0.09976        59       640    0.6177     0.511    0.5281    0.3744   0.02597   0.01135   0.03807
    42/119     3.47G    0.0315   0.02375   0.04443   0.09968        55       640    0.6534    0.4869    0.5253    0.3753   0.02572    0.0113   0.03743
    43/119     3.47G   0.03146   0.02331   0.04362   0.09838        52       640      0.64    0.4951    0.5255     0.376   0.02562   0.01137   0.03789
    44/119     3.47G   0.03111   0.02343   0.04369   0.09823        63       640     0.642    0.4878    0.5288     0.378   0.02564   0.01129     0.037
    45/119     3.47G   0.03107   0.02361   0.04302    0.0977        48       640    0.6152    0.5047    0.5298    0.3781   0.02558   0.01132   0.03718
    46/119     3.47G   0.03058    0.0231   0.04216   0.09583        75       640    0.6471    0.4845    0.5327    0.3815   0.02561   0.01125   0.03748
    47/119     3.47G   0.03061   0.02356   0.04244   0.09662        83       640    0.6733    0.4751    0.5371    0.3864   0.02542   0.01123   0.03704
    48/119     3.47G   0.03092   0.02341   0.04258   0.09691        57       640    0.6746    0.4873    0.5431    0.3915   0.02527   0.01123   0.03607
    49/119     3.47G    0.0304   0.02283   0.04134   0.09458        45       640     0.606    0.5213    0.5433    0.3916   0.02521   0.01127   0.03579
    50/119     3.47G   0.03104   0.02306    0.0412    0.0953       107       640    0.6276    0.5085    0.5514    0.3957    0.0251   0.01121   0.03631
    51/119     3.47G   0.03069    0.0229   0.04139   0.09498        63       640    0.6177    0.5339    0.5563    0.3996   0.02507    0.0112   0.03547
    52/119     3.47G   0.03021    0.0228   0.04175   0.09476        55       640    0.6505    0.5112    0.5576    0.3998   0.02503   0.01118   0.03545
    53/119     3.47G   0.03046   0.02295   0.04039   0.09381        78       640    0.6693    0.5058    0.5607    0.4037   0.02507   0.01112   0.03527
    54/119     3.47G   0.03027   0.02283   0.04084   0.09395        78       640    0.6369    0.5164    0.5608    0.4053   0.02503   0.01111   0.03517
    55/119     3.47G   0.03045   0.02298   0.04093   0.09436        46       640     0.654    0.5055    0.5598    0.4071    0.0251   0.01107   0.03504
    56/119     3.47G   0.03064   0.02275   0.03931    0.0927        57       640    0.6256    0.5198    0.5632    0.4111   0.02505    0.0111   0.03474
    57/119     3.47G   0.02999   0.02257   0.03965   0.09221        58       640    0.6365    0.5171    0.5659    0.4141   0.02495   0.01109   0.03488
    58/119     3.47G   0.02978    0.0226   0.03936   0.09174        46       640    0.6545    0.5159    0.5697    0.4173   0.02483   0.01107   0.03468
    59/119     3.47G   0.02993   0.02254   0.03918   0.09165        61       640    0.6591    0.5166    0.5705    0.4167    0.0248   0.01107   0.03489
    60/119     3.47G   0.02993   0.02269   0.03913   0.09176        73       640     0.643    0.5247    0.5726    0.4181   0.02474   0.01108   0.03499
    61/119     3.47G   0.02943   0.02246    0.0386   0.09049        63       640    0.6394    0.5246     0.573      0.42    0.0247   0.01106   0.03505
    62/119     3.47G   0.02927   0.02261   0.03823   0.09011        51       640     0.635    0.5296     0.573    0.4208    0.0247   0.01103   0.03492
    63/119     3.47G   0.02938    0.0224   0.03775   0.08953        70       640    0.6084    0.5577    0.5769    0.4248   0.02461     0.011   0.03477
    64/119     3.47G   0.02907   0.02224   0.03796   0.08926        53       640    0.6491    0.5269    0.5795    0.4247   0.02458     0.011   0.03463
    65/119     3.47G    0.0291   0.02229   0.03681   0.08821        59       640    0.6703    0.5203    0.5816    0.4272   0.02455   0.01101   0.03471
    66/119     3.47G   0.02856   0.02205   0.03675   0.08735        68       640    0.6726    0.5253    0.5834     0.429   0.02447     0.011   0.03453
    67/119     3.47G   0.02866   0.02187   0.03512   0.08565        52       640    0.6706    0.5288     0.586    0.4308   0.02447   0.01101   0.03439
    68/119     3.47G   0.02848   0.02188     0.035   0.08536        53       640    0.6438    0.5461    0.5874    0.4336   0.02448   0.01099   0.03433
    69/119     3.47G   0.02807   0.02204   0.03589   0.08601       111       640    0.6578    0.5346    0.5887    0.4349   0.02449   0.01097   0.03428
    70/119     3.47G   0.02856   0.02177   0.03543   0.08575        55       640    0.6644     0.527      0.59    0.4357   0.02446   0.01097   0.03412
    71/119     3.47G   0.02844   0.02195   0.03537   0.08576        65       640     0.641    0.5475    0.5906    0.4369   0.02439   0.01095   0.03392
    72/119     3.47G   0.02822   0.02154   0.03377   0.08353        60       640    0.6243     0.566    0.5919    0.4379   0.02439   0.01095   0.03383
    73/119     3.47G   0.02826   0.02175   0.03453   0.08454        86       640    0.6235    0.5692     0.594     0.439   0.02439   0.01093   0.03387
    74/119     3.47G   0.02804   0.02141   0.03392   0.08337        72       640    0.6558    0.5483    0.5953    0.4396   0.02434   0.01093   0.03371
    75/119     3.47G   0.02768   0.02119   0.03313     0.082        47       640    0.6451    0.5545    0.5961    0.4413   0.02432   0.01093   0.03354
    76/119     3.47G   0.02785   0.02175   0.03325   0.08285        52       640    0.6684    0.5485    0.5971    0.4416   0.02428   0.01092    0.0335
    77/119     3.47G   0.02805   0.02144   0.03324   0.08273        53       640    0.6605    0.5541    0.5987    0.4429   0.02423   0.01091   0.03341
    78/119     3.47G   0.02725   0.02127   0.03267   0.08119        46       640    0.6537    0.5569    0.5996    0.4446   0.02421    0.0109   0.03329
    79/119     3.47G   0.02744   0.02135   0.03322   0.08201        56       640    0.6705    0.5461    0.6012     0.446   0.02419    0.0109    0.0331
    80/119     3.47G   0.02753   0.02135    0.0321   0.08098        87       640    0.6644     0.552    0.6018    0.4463   0.02416   0.01089   0.03297
    81/119     3.47G   0.02749   0.02076   0.03167   0.07992        60       640    0.6611     0.557    0.6031     0.447   0.02414   0.01088   0.03291
    82/119     3.47G   0.02734   0.02099   0.03236    0.0807        59       640     0.659    0.5572    0.6029     0.448   0.02414   0.01088   0.03286
    83/119     3.47G   0.02704   0.02074   0.03136   0.07915        78       640    0.6783    0.5466    0.6041    0.4485   0.02412   0.01087    0.0328
    84/119     3.47G   0.02704   0.02084   0.03174   0.07962        51       640    0.6821    0.5442    0.6055    0.4491    0.0241   0.01087   0.03279
    85/119     3.47G   0.02698   0.02111   0.03045   0.07854        53       640    0.6135    0.5869    0.6064    0.4504   0.02408   0.01086   0.03276
    86/119     3.47G    0.0267   0.02085   0.03079   0.07835        75       640    0.6097    0.5912    0.6073    0.4513   0.02408   0.01085   0.03277
    87/119     3.47G   0.02688   0.02099   0.03133    0.0792        60       640    0.6123    0.5875    0.6082    0.4521   0.02407   0.01085   0.03278
    88/119     3.47G   0.02664   0.02055   0.02987   0.07707        58       640    0.6288    0.5785    0.6092    0.4529   0.02405   0.01084   0.03275
    89/119     3.47G   0.02667   0.02065   0.03106   0.07839        68       640    0.6488    0.5664    0.6103    0.4533   0.02403   0.01084    0.0327
    90/119     3.47G   0.02602   0.02027    0.0298   0.07609        48       640    0.6467    0.5704    0.6108     0.454   0.02402   0.01083   0.03264
    91/119     3.47G   0.02573   0.02034   0.02968   0.07574        43       640    0.6472    0.5727    0.6121    0.4551   0.02401   0.01083   0.03261
    92/119     3.47G   0.02641   0.02059   0.02945   0.07645        57       640    0.6287    0.5862    0.6127    0.4555     0.024   0.01083   0.03258
    93/119     3.47G   0.02579   0.02028   0.02949   0.07556        46       640    0.6275    0.5865    0.6135    0.4562     0.024   0.01083   0.03256
    94/119     3.47G   0.02574   0.02034   0.02865   0.07474        49       640    0.6383    0.5799    0.6146    0.4569   0.02398   0.01082   0.03254
    95/119     3.47G   0.02598   0.02031   0.02823   0.07452        47       640    0.6313    0.5837    0.6145    0.4574   0.02399   0.01082   0.03253
    96/119     3.47G   0.02564    0.0203   0.02805   0.07399        48       640    0.6247    0.5878    0.6147    0.4578   0.02398   0.01082   0.03249
    97/119     3.47G   0.02565      0.02   0.02856   0.07422        61       640    0.6176    0.5954    0.6147    0.4587   0.02397   0.01082   0.03245
    98/119     3.47G   0.02552   0.01981   0.02781   0.07314        73       640    0.6191    0.5956    0.6153    0.4591   0.02396   0.01081   0.03242
    99/119     3.47G   0.02511   0.01981   0.02729   0.07221        52       640    0.6282    0.5872    0.6155    0.4595   0.02395   0.01081   0.03238
   100/119     3.47G   0.02519   0.01987   0.02796   0.07302        53       640    0.6219    0.5931    0.6162    0.4601   0.02395   0.01081   0.03237
   101/119     3.47G   0.02516   0.02001   0.02779   0.07295        56       640     0.622    0.5943    0.6164    0.4603   0.02394    0.0108   0.03236
   102/119     3.47G   0.02499   0.01946   0.02736    0.0718        68       640    0.6218    0.5944    0.6167    0.4608   0.02394    0.0108   0.03236
   103/119     3.47G   0.02526   0.01984   0.02721    0.0723        65       640    0.6628    0.5652    0.6175    0.4609   0.02393    0.0108   0.03237
   104/119     3.47G   0.02491   0.01972   0.02658   0.07121        54       640    0.6412     0.585     0.618    0.4611   0.02393    0.0108   0.03238
   105/119     3.47G    0.0249   0.01963   0.02672   0.07126        53       640    0.6439    0.5857    0.6186    0.4615   0.02393    0.0108   0.03238
   106/119     3.47G   0.02481   0.01969   0.02657   0.07107        57       640    0.6434    0.5857     0.619    0.4621   0.02393    0.0108   0.03237
   107/119     3.47G   0.02475   0.01952   0.02587   0.07014        63       640    0.6399    0.5875    0.6194    0.4623   0.02392   0.01079   0.03236
   108/119     3.47G   0.02418   0.01942   0.02535   0.06895        73       640    0.6401    0.5875      0.62    0.4625   0.02392   0.01079   0.03235
   109/119     3.47G   0.02477   0.01944   0.02576   0.06997        45       640    0.6396    0.5876    0.6205    0.4633   0.02392   0.01079   0.03234
   110/119     3.47G   0.02458   0.01935   0.02582   0.06975        90       640    0.6663    0.5678    0.6207    0.4631   0.02391   0.01079   0.03233
   111/119     3.47G   0.02437   0.01928   0.02571   0.06935        57       640    0.6646    0.5688     0.621    0.4635   0.02391   0.01079   0.03233
   112/119     3.47G   0.02448   0.01931    0.0253   0.06909        53       640    0.6685    0.5675    0.6213    0.4636    0.0239   0.01079   0.03233
   113/119     3.47G   0.02433   0.01943   0.02527   0.06903        53       640    0.6724    0.5644    0.6216    0.4638    0.0239   0.01078   0.03232
   114/119     3.47G   0.02423   0.01925   0.02633   0.06981        56       640    0.6644    0.5712    0.6219    0.4645    0.0239   0.01078   0.03232
   115/119     3.47G   0.02421   0.01917   0.02513    0.0685        59       640    0.6704    0.5669    0.6223    0.4649   0.02389   0.01078   0.03231
   116/119     3.47G    0.0243   0.01922   0.02503   0.06855        66       640    0.6646    0.5729    0.6227    0.4655   0.02389   0.01078   0.03229
   117/119     3.47G   0.02414   0.01935   0.02539   0.06887        55       640    0.6639    0.5741    0.6231    0.4655   0.02388   0.01078   0.03228
   118/119     3.47G   0.02421   0.01917   0.02521    0.0686        63       640    0.6614    0.5758    0.6237    0.4661   0.02388   0.01078   0.03227
   119/119     3.47G   0.02424   0.01903   0.02541   0.06868        63       640    0.6584    0.5801    0.6242    0.4666   0.02388   0.01078   0.03226
